0.00000000,
0.00000000,
0.00000000,
0.00000000,
0.00000000,
0.00000000,
0.00000000,
0.00000000,
0.00000000,
0.00145502,
0.00826970,
0.02262100,
0.04472298,
0.07347203,
0.10731956,
0.14479591,
0.18469154,
0.22606610,
0.26820151,
0.31054896,
0.35268525,
0.39428041,
0.43507459,
0.47486188,
0.51347872,
0.55079572,
0.58671151,
0.62114819,
0.65404775,
0.68536925,
0.71508647,
0.74318593,
0.76966520,
0.79453143,
0.81780004,
0.83949353,
0.85964047,
0.87827452,
0.89543361,
0.91115914,
0.92549534,
0.93848862,
0.95018704,
0.96063980,
0.96989683,
0.97800840,
0.98502479,
0.99099599,
0.99597148,
1.00000000, 

